productName,SKU,productType,productSection,productOrder,complSheets,complCurtains,complPillowCovers,complCushions,complDecoration,pageTemplate,pageTitle,pageSubtitle,pageCopys,pageResources,pageKeywords,pageVideos,pageStatus,pageIcons,pageSeoTitle,pageSeoDescription
Edredón Qs/Mat Xl Bernal,88865,Edredón,Página 1 / Juegos de Edredón,1,[],[],[],[],[],JuegoDeEdredon,Bernal,Juego de Edredón,[],['#f5f4f3'],[],[],Activa,[],,
Edredón Qs/Mat Xl Cobá,88816,Edredón,Página 1 / Juegos de Edredón,2,['23649'],[],[],[],[],JuegoDeEdredon,Cobá,Juego de Edredón,[],['#ebe8e6'],[],[],Activa,[],,
Edredón Qs/Mat Xl Girona,88856,Edredón,Página 1 / Juegos de Edredón,3,['88860'],['88457'],[],[],[],JuegoDeEdredon,Girona,Juego de Edredón,[],['#ded8d6'],[],[],Activa,[],,
Edredón Qs/Mat Xl Palmar,88883,Edredón,Página 1 / Juegos de Edredón,4,[],['87548' '88549'],['87515'],[],[],JuegoDeEdredon,Palmar,Juego de Edredón,[],['#dbd4d5'],[],[],Activa,[],,
Edredón Qs/Mat Xl Bliss,88575,Edredón,Página 1 / Juegos de Edredón,5,['88416' '88494'],['87548'],['87741' '87515'],['87514'],[],JuegoDeEdredon,Bliss,Juego de Edredón,[],['#f6f6f6'],[],[],Activa,[],,
Edredón Qs/Mat Xl Mónaco,87848,Edredón,Página 1 / Juegos de Edredón,6,[],[],[],[],['87823'],JuegoDeEdredon,Mónaco,Juego de Edredón,[],['#e7e2e8'],[],[],Activa,[],,
Edredón Qs/Mat Xl Navarra,88874,Edredón,Página 1 / Juegos de Edredón,7,[],[],[],[],[],JuegoDeEdredon,Navarra,Juego de Edredón,[],['#cac0c3'],[],[],Activa,[],,
Edredón Qs/Mat Xl Talpa,88872,Edredón,Página 1 / Juegos de Edredón,8,['87493'],['63932'],[],['88516'],['88591'],JuegoDeEdredon,Talpa,Juego de Edredón,[],['#ccc7c2'],[],[],Activa,[],,
Edredón Qs/Mat Xl Taxco,88807,Edredón,Página 1 / Juegos de Edredón,9,['88860'],[],[],[],[],JuegoDeEdredon,Taxco,Juego de Edredón,[],['#e5e5e1'],[],[],Activa,[],,
Edredón Qs/Mat Xl Provenza,87828,Edredón,Página 1 / Juegos de Edredón,10,['24908'],[],[],[],[],JuegoDeEdredon,Provenza,Juego de Edredón,[],['#d1d5d4'],[],[],Activa,[],,
Edredón Qs/Mat Xl Praga,88863,Edredón,Página 1 / Juegos de Edredón,11,['88869' '87493'],['63930'],[],[],[],JuegoDeEdredon,Praga,Juego de Edredón,[],['#f4f3f2'],[],[],Activa,[],,
Edredón Qs/Mat Xl Cataluña,88803,Edredón,Página 1 / Juegos de Edredón,12,['23649' '87497'],['63930'],[],['88794'],[],JuegoDeEdredon,Cataluña,Juego de Edredón,[],['#eee0db'],[],[],Activa,[],,
Edredón Qs/Mat Xl Tecali,87866,Edredón,Página 1 / Juegos de Edredón,13,['87493'],['87835' '87865'],[],[],['87823'],JuegoDeEdredon,Tecali,Juego de Edredón,[],[],[],[],Activa,[],,
Edredón Qs/Mat Xl Duvet,87536,Edredón,Página 1 / Juegos de Edredón,14,['88551'],['87548'],[],[''],[],JuegoDeEdredon,Duvet,Juego de Edredón,[],['#d2cfd2'],[],[],Activa,[],,
Edredón Qs/Mat Xl Duvet Basic,88513,Edredón,Página 1 / Juegos de Edredón,15,['88555'],['88414'],[],[''],[],JuegoDeEdredon,Duvet Basic,Juego de Edredón,[],['#ececed'],[],[],Activa,[],,
Edredón Qs/Mat Xl Castilla,88696,Edredón,Página 1 / Juegos de Edredón,16,['88494'],['63932'],['86618'],['88573'],[],JuegoDeEdredon,Castilla,Juego de Edredón,[],['#ebe5e1'],[],[],Activa,[],,
Edredón Qs/Mat Xl Burdeos,87807,Edredón,Página 1 / Juegos de Edredón,17,['87493'],['63930'],[],['87663'],[],JuegoDeEdredon,Burdeos,Juego de Edredón,[],[],[],[],Activa,[],,
Edredón Qs/Mat Xl Blossom,88570,Edredón,Página 1 / Juegos de Edredón,18,['23737'],['87548'],['88485'],['87655' '87500'],[],JuegoDeEdredon,Blossom,Juego de Edredón,[],['#e2dddd'],[],['/videos/chavos/EdredonBlossom.mp4'],Activa,[],,
Edredón Qs/Mat Xl Acuarela,88881,Edredón,Página 1 / Juegos de Edredón,19,['87493' '23649'],['63930'],['88541'],[],[],JuegoDeEdredon,Acuarela,Juego de Edredón,[],['#dcdbd7'],[],[],Activa,[],,
Edredón Qs/Mat Xl Jade,88444,Edredón,Página 1 / Juegos de Edredón,20,['87497' '87493'],['87448' '88486'],[],[''],[],JuegoDeEdredon,Jade,Juego de Edredón,[],['#eceae7'],[],[],Activa,[],,
Edredón Qs/Mat Xl Comala,87875,Edredón,Página 1 / Juegos de Edredón,21,[],['87835'],['88572'],[],['87823'],JuegoDeEdredon,Comala,Juego de Edredón,[],['#f9f8f7'],[],[],Activa,[],,
Edredón Qs/Mat Xl Summer,88605,Edredón,Página 1 / Juegos de Edredón,22,['88559'],['88549'],[],['88501' '36629'],[],JuegoDeEdredon,Summer,Juego de Edredón,[],['#f6f5f4'],[],[],Activa,[],,
Edredón Qs/Mat Xl Sorrento,88597,Edredón,Página 1 / Juegos de Edredón,23,['88551'],['88414'],[],['88501'],[],JuegoDeEdredon,Sorrento,Juego de Edredón,[],['#dee4e8'],[],['/videos/chavos/EdredonSorrento.mp4'],Activa,[],,
Edredón Qs/Mat Xl Gales,87509,Edredón,Página 1 / Juegos de Edredón,24,['24058'],['63961'],[],[''],[],JuegoDeEdredon,Gales,Juego de Edredón,[],['#cfcecc'],[],[],Activa,[],,
Edredón Qs/Mat Xl Pretty,87568,Edredón,Página 1 / Juegos de Edredón,25,['88494'],['88486'],[],[''],[],JuegoDeEdredon,Pretty,Juego de Edredón,[],['#e0dad9'],[],[],Activa,[],,
Edredón Qs/Mat Xl Thai,87534,Edredón,Página 1 / Juegos de Edredón,26,['23649'],[],['88571'],[],[],JuegoDeEdredon,Thai,Juego de Edredón,[],['#d0d7d7'],[],[],Activa,[],,
Edredón Mat Roseta,86598,Edredón,Página 1 / Juegos de Edredón,27,['88494'],['87546'],[],[''],[],JuegoDeEdredon,Roseta,Juego de Edredón,[],['#ebe1db'],[],[],Activa,[],,
Edredón Mat Chicago,86103,Edredón,Página 1 / Juegos de Edredón,28,['23649'],['64115'],[],[''],[],JuegoDeEdredon,Chicago,Juego de Edredón,[],['#b9babc'],[],[],Activa,[],,
Edredón Qs/Mat Xl Ferrara,84611,Edredón,Página 1 / Juegos de Edredón,29,['23649' '24058'],['63961'],[],['88243'],['87823'],JuegoDeEdredon,Ferrara,Juego de Edredón,[],['#edeae8'],[],[],Activa,[],,
Edredón Mat Dilar,83921,Edredón,Página 1 / Juegos de Edredón,30,['23649'],['63930'],['86618'],['87500'],['77556'],JuegoDeEdredon,Dilar,Juego de Edredón,[],[],[],[],Activa,[],,
Edredón Nuut Mat Peony,88744,Edredón Nuut,Página 2 / Edredones Nuut,1,['88494'],['63930'],['88811'],['88794' '88587' '88588'],[],EdredonNuut,Peony,Edredón Nuut,[],['#c2867e' '#dab9aa'],[],[],Activa,[],,
Edredón Nuut Mat Celeste,88748,Edredón Nuut,Página 2 / Edredones Nuut,2,[],['88414'],['88571' '88753' '88541'],['88501' '87500' '87800'],['87823'],EdredonNuut,Celeste,Edredón Nuut,[],['#4c7f86' '#9bbec1'],[],[],Activa,[],,
Edredón Nuut Mat Stone,88512,Edredón Nuut,Página 2 / Edredones Nuut,3,['23649' '24146'],['63961' '64136'],['88485'],['88586' '36689' '87500'],['87823' '88176'],EdredonNuut,Stone,Edredón Nuut,[],['#b9a291' '#656979'],[],[],Activa,[],,
Funda De Duvet Qs/Mat Xl Salvia,88709,Funda De Duvet,Página 2 / Edredones Nuut,4,[],[],[],[],[],JuegoDeEdredon,Salvia,Funda de Duvet,[],['#ececeb'],[],[],Activa,[],,
Funda De Duvet Qs/Mat Xl Valencia,87811,Funda De Duvet,Página 2 / Edredones Nuut,5,[],['63961'],['88477'],['88243' '36689'],[],JuegoDeEdredon,Valencia,Funda de Duvet,[],['#b9b8b9'],[],[],Activa,[],,
Funda De Duvet Qs/Mat Xl Atlantic,88701,Funda De Duvet,Página 2 / Edredones Nuut,6,[],['87836'],['87247' '36254'],['87500'],[],JuegoDeEdredon,Atlantic,Funda de Duvet,[],['#e2e0e1'],[],[],Activa,[],,
Funda De Duvet Qs/Mat Xl Deco,87537,Funda De Duvet,Página 2 / Edredones Nuut,7,['87489'],['87448'],['87515'],['87514' '87500'],['87726'],JuegoDeEdredon,Deco,Funda de Duvet,[],['#f3efef'],[],[],Activa,[],,
Funda De Duvet Qs/Mat Xl Noruega,88703,Funda De Duvet,Página 2 / Edredones Nuut,8,['87493'],['87835'],['88485'],['88755' '88587' '88586'],[],JuegoDeEdredon,Noruega,Funda de Duvet,[],['#c8cccc'],[],[],Activa,[],,
Funda De Duvet Qs/Mat Xl Arabia,87819,Funda De Duvet,Página 2 / Edredones Nuut,9,['87493'],['87863'],['88572' '86618'],['87514' '88802'],[],JuegoDeEdredon,Arabia,Funda de Duvet,[],['#b9b7b7'],[],[],Activa,[],,
Funda De Duvet Qs/Mat Xl Berry,88548,Funda De Duvet,Página 2 / Edredones Nuut,10,['88494'],['88457'],[],['88500'],[],JuegoDeEdredon,Berry,Funda de Duvet,[],['#e6d5d8'],[],[],Activa,[],,
Edredón Voga Qs/Mat Xl Camel,88707,Edredón Voga,Página 3 / Edredones Voga,1,[],[],['87515'],['36629' '88588'],[],EdredonVoga,Camel,Edredón,[],['#d5c9c1'],[],[],Activa,[],,
Edredón Voga Qs/Mat Xl Lila,88651,Edredón Voga,Página 3 / Edredones Voga,2,['88642'],['87548'],['87515' '86618'],['88500' '88794' '88587'],[],EdredonVoga,Lila,Edredón,[],['#d6cfcf'],[],[],Activa,[],,
Edredón Voga Qs/Mat Xl Verde,86457,Edredón Voga,Página 3 / Edredones Voga,3,['87493'],['63932' '87865' '87548'],['87515' '86618'],['87251' '87500'],['87229'],EdredonVoga,Verde,Edredón,[],['#eceae8'],[],[],Activa,[],,
Edredón Voga Qs/Mat Xl Estambul,87746,Edredón Voga,Página 3 / Edredones Voga,4,['87779'],['63932'],['86618' '88572'],['87710' '88588'],['77556'],EdredonVoga,Estambul,Edredón,[],['#e0dbd7'],[],[],Activa,[],,
Edredón Voga Qs/Mat Xl Esmeralda,86256,Edredón Voga,Página 3 / Edredones Voga,5,['24908'],['63932'],['88572' '88618'],['86786' '36629' '88762'],['42624' '77556'],EdredonVoga,Esmeralda,Edredón,[],[],[],[],Activa,[],,
Edredón Novo Mat Comitán,88686,Edredón Novo,Página 4 / Edredones Novo,1,['88559'],['63961'],['88753' '88485' '88541'],['88586' '88574'],['87823'],EdredonNovo,Comitán,Edredón Novo,[],['#dee1e0'],[],[],Activa,[],,
Edredón Novo Mat Arena,88677,Edredón Novo,Página 4 / Edredones Novo,2,[],['63932' '87865'],['88503' '88477'],['88802' '88588' '88794' '88755'],[],EdredonNovo,Arena,Edredón Novo,[],['#f1f1f1'],[],[],Activa,[],,
Edredón Novo Mat Terracota,88680,Edredón Novo,Página 4 / Edredones Novo,3,['87493'],['88649'],['88572' '86618'],['88784' '88802'],['87823'],EdredonNovo,Terracota,Edredón Novo,[],['#ead4cb'],[],[],Activa,[],,
Edredón Novo Mat Lisboa,88689,Edredón Novo,Página 4 / Edredones Novo,4,['23649' '87493'],['63987'],['87483' '88481'],['87710' '88586'],[],EdredonNovo,Lisboa,Edredón Novo,[],['#e3e2e4'],[],[],Activa,[],,
Edredón Novo Mat Mint,88683,Edredón Novo,Página 4 / Edredones Novo,5,['88551'],[],['88485' '88541'],['87710' '87800' '88586'],['88585'],EdredonNovo,Mint,Edredón Novo,[],['#f0eff0'],[],[],Activa,[],,
Edredón Novo Mat Atlántico,88661,Edredón Novo,Página 4 / Edredones Novo,6,['88551'],[],['88571' '86618'],['87710' '36629' '88573' '87800'],[],EdredonNovo,Atlántico,Edredón Novo,[],['#d3cfc9'],[],[],Activa,[],,
Edredón Novo Mat Olivo,43862,Edredón Novo,Página 4 / Edredones Novo,7,['87497'],['87546'],['86622'],['88501'],['87235'],EdredonNovo,Olivo,Edredón Novo,[],[],[],[],Activa,[],,
Edredón Novo Mat Malva,86548,Edredón Novo,Página 4 / Edredones Novo,8,['88494'],['88487'],['86622'],['87514'],['51213'],EdredonNovo,Malva,Edredón Novo,[],['#d6d2cf'],[],[],Activa,[],,
Edredón Novo Mat Estaño,88432,Edredón Novo,Página 4 / Edredones Novo,9,['24146'],['87438'],['88477'],['88516'],[],EdredonNovo,Estaño,Edredón Novo,[],['#bebcba'],[],[],Activa,[],,
Edredón Novo Mat Blush,87726,Edredón Novo,Página 4 / Edredones Novo,10,['87493'],['88457'],['87741'],['88242'],['88236'],EdredonNovo,Blush,Edredón Novo,[],['#efeae8'],[],[],Activa,[],,
Edredón Novo Mat Creta,86705,Edredón Novo,Página 4 / Edredones Novo,11,['88563'],['64045'],['87481'],['88501'],['51213'],EdredonNovo,Creta,Edredón Novo,[],['#ccd4d5'],[],[],Activa,[],,
Edredón Novo Mat Boston,86406,Edredón Novo,Página 4 / Edredones Novo,12,['24317'],['63987'],['87483'],['88243'],['55176'],EdredonNovo,Boston,Edredón Novo,[],['#c9d6e0'],[],[],Activa,[],,
Edredón Novo Mat Cobalto,86713,Edredón Novo,Página 4 / Edredones Novo,13,['88498'],['63988'],['88477'],['88452'],['87695'],EdredonNovo,Cobalto,Edredón Novo,[],['#cacdd0'],[],[],Activa,[],,
Edredón Novo Mat Veneto,87714,Edredón Novo,Página 4 / Edredones Novo,14,['88494'],['88488'],['88572'],['87497'],['42624'],EdredonNovo,Veneto,Edredón Novo,[],['#e3dbda'],[],[],Activa,[],,
Edredón Novo Mat Marla,88428,Edredón Novo,Página 4 / Edredones Novo,15,['87493'],['88486'],['88572'],['88454'],['88239'],EdredonNovo,Marla,Edredón Novo,[],['#f7f7f8'],[],[],Activa,[],,
Edredón Novo Mat Ultramar,87460,Edredón Novo,Página 4 / Edredones Novo,16,['24146'],['63987'],['87483'],['36288'],['87241'],EdredonNovo,Ultramar,Edredón Novo,[],['#b8b8ba'],[],[],Activa,[],,
Edredón Novo Mat Deep Rose,43864,Edredón Novo,Página 4 / Edredones Novo,17,['87497'],['87863'],['86621'],['87500'],['88175'],EdredonNovo,Deep Rose,Edredón Novo,[],['#f6f4f3'],[],[],Activa,[],,
Edredón Novo Mat Milán,86405,Edredón Novo,Página 4 / Edredones Novo,18,['87497'],['87863'],['35867'],['88454'],['88339'],EdredonNovo,Milán,Edredón Novo,[],['#efeced'],[],[],Activa,[],,
Colcha Mat Tula,87412,Colcha,Página 4 / Edredones Novo,19,['88494'],[''],['86621' '88572'],['87710' '88573' '36629'],['77556'],JuegoDeEdredon,Tula,Colcha,[],['#f5f2f0'],[],[],Activa,[],,
Colcha Mat Bambú,88877,Colcha,Página 4 / Edredones Novo,20,['87493' '88634'],[''],['88541'],['87251' '88587'],[''],JuegoDeEdredon,Bambú,Colcha,[],['#e5e4df'],[],[],Activa,[],,
Colcha Mat Australia,87804,Colcha,Página 4 / Edredones Novo,21,['23649'],[''],['87483'],['87663' '36688' '36689'],[''],JuegoDeEdredon,Australia,Colcha,[],[],[],[],Activa,[],,
Colcha Mat Mauve,88887,Colcha,Página 4 / Edredones Novo,22,['88494'],[''],['87741'],['88500' '88587'],[''],JuegoDeEdredon,Mauve,Colcha,[],['#d4c7c7'],[],[],Activa,[],,
Colcha Mat Plumas,86724,Colcha,Página 4 / Edredones Novo,23,['88494'],[''],['86618' '87481'],['88573' '88542' '36629'],[''],JuegoDeEdredon,Plumas,Colcha,[],['#e0d7d2'],[],[],Activa,[],,
Colcha Mat Azálea,88850,Colcha,Página 4 / Edredones Novo,24,['88494'],[''],['87741'],['88794' '87500' '36629'],[''],JuegoDeEdredon,Azálea,Colcha,[],['#f6f2f2'],[],[],Activa,[],,
Colcha Mat Rosalia,86361,Colcha,Página 4 / Edredones Novo,25,['87493'],[''],['86621' '86618'],['87710' '36629'],[''],JuegoDeEdredon,Rosalia,Colcha,[],['#ede7e3'],[],[],Activa,[],,
Colcha Mat Lavanda,86503,Colcha,Página 4 / Edredones Novo,26,['23649'],[''],['35867'],['36629'],[''],JuegoDeEdredon,Lavanda,Colcha,[],[],[],[],Activa,[],,
Jgo Bolsas Comprimibles Care Gde,51138 o 88139,Accesorio Clóset,Página 4 / Edredones Novo,27,[],[],[],[],[],Sublinea,Jgo Bolsas Comprimibles Care,,[],[],[],[],Activa,[],,
Bolsa Para Almacenamiento Vinil,88338,Accesorio Clóset,Página 4 / Edredones Novo,28,[],[],[],[],[],Sublinea,Bolsa Para Almacenamiento Vinil,,[],[],[],[],Activa,[],,
Frazada Cooling,88867,Frazada Cooling,Página 5 / Cobertores,1,[],[],[],[],[],Cobertor,Cooling,Frazada,[],[],[],[],Activa,[],,
Mumbai Beige Frazada,77556,Frazada Mumbai,Página 5 / Cobertores,2,[],[],[],[],[],JuegoDeEdredon,Mumbai Beige,Frazada Mumbai,[],[],[],[],Activa,[],,
Mumbai Siena Frazada,87824,Frazada Mumbai,Página 5 / Cobertores,3,[],[],[],[],[],JuegoDeEdredon,Mumbai Siena,Frazada Mumbai,[],[],[],[],Activa,[],,
Mumbai Gris Neutral Frazada,87823,Frazada Mumbai,Página 5 / Cobertores,4,[],[],[],[],[],JuegoDeEdredon,Mumbai Gris Neutral,Frazada Mumbai,[],[],[],[],Activa,[],,
Mumbai Menta Frazada,88585,Frazada Mumbai,Página 5 / Cobertores,5,[],[],[],[],[],JuegoDeEdredon,Mumbai Menta,Frazada Mumbai,[],[],[],[],Activa,[],,
Cobertor Ligero Mat/Ind Navy,88670,Cobertor Ligero,Página 5 / Cobertores,6,[''],[''],['87247'],['87251' '36689'],[''],Cobertor,Navy,Cobertor Ligero,[],[],[],[],Activa,[],,
Cobertor Ligero Mat/Ind Abadía,88666,Cobertor Ligero,Página 5 / Cobertores,7,[''],[''],['88541'],['87710' '87800'],[''],Cobertor,Abadía,Cobertor Ligero,[],['#f3f1f0'],[],[],Activa,[],,
Cobertor Ligero Mat/Ind Hanami,87787,Cobertor Ligero,Página 5 / Cobertores,8,['87493'],[''],['87741'],['36629'],[''],Cobertor,Hanami,Cobertor Ligero,[],[],[],[],Activa,[],,
Cobertor Ligero Mat/Ind Terracota,88674,Cobertor Ligero,Página 5 / Cobertores,9,[''],[''],['86618'],['88794'],['87824'],Cobertor,Terracota,Cobertor Ligero,[],['#eee4e1'],[],[],Activa,[],,
Cobertor Ligero Mat/Ind Estonia,52396,Cobertor Ligero,Página 5 / Cobertores,10,[''],[''],[''],[''],[''],Cobertor,Estonia,Cobertor Ligero,[],['#f2f1f1'],[],[],Activa,[],,
Cobertor Ligero Mat/Ind Negro,52588,Cobertor Ligero,Página 5 / Cobertores,11,[''],[''],[''],[''],[''],Cobertor,Negro,Cobertor Ligero,[],['#f5f6f6'],[],[],Activa,[],,
Cobertor Ligero Ks/Qs Celeste,88442,Cobertor Ligero,Página 5 / Cobertores,12,['87493'],['88414'],['88481' '87247'],['87500' '88454'],[''],Cobertor,Celeste,Cobertor Ligero,[],['#ebedee'],[],[],Activa,[],,
Bolsa De Regalo Vianney 24-25,88757,Bolsa De Regalo,Página 5 / Cobertores,13,[],[],[],[],[],Sublinea,Bolsa De Regalo Vianney 24-25,,[],[],[],[],Activa,[],,
Almohada Std Vialifresh,35161,Almohadas,Página 6 / Básicos,1,[],[],[],[],[],Almohadas,Vialifresh,,[],[],['vialifresh'],[],Activa,[],,
Almohada Std Vialifresh Super Confort,35209,Almohadas,Página 6 / Básicos,2,[],[],[],[],[],Almohadas,Vialifresh Super Confort,,[],[],['vialifresh'],[],Activa,[],,
Almohada Pocket,35646,Almohadas,Página 6 / Básicos,3,[],[],[],[],[],Almohadas,Pocket,,[],[],[],[],Activa,[],,
Almohada Ks Balance,35215 35214,Almohadas,Página 6 / Básicos,4,[],[],[],[],[],Almohadas,Balance,,[],[],[],[],Activa,[],,
Almohada Ks Básica Plus,88692,Almohadas,Página 6 / Básicos,5,[],[],[],[],[],Almohadas,Básica Plus,,[],[],[],[],Activa,[],,
Almohada Ks Cooling,36260,Almohadas,Página 6 / Básicos,6,[],[],[],[],[],Almohadas,Cooling,,[],[],[],[],Activa,[],,
Almohada Ks Antiviral Impermeable,35219 35217,Almohadas,Página 6 / Básicos,7,[],[],[],[],[],Almohadas,Antiviral Impermeable,,[],[],[],[],Activa,[],,
Cojín Modular Std,87647,Almohadas,Página 6 / Básicos,8,[],[],[],[],[],Almohadas,Modular,,[],[],[],[],Activa,[],,
Almohada Std Super Confort,35205,Almohadas,Página 6 / Básicos,9,[],[],[],[],[],Almohadas,Super Confort,,[],[],['nuit'],[],Activa,[],,
Protector De Almohada Cooling Std,87554,Almohadas,Página 6 / Básicos,10,[],[],[],[],[],Almohadas, Cooling,,[],[],[],[],Activa,[],,
Almohada Std Sognare Firme,35239,Almohadas,Página 6 / Básicos,11,[],[],[],[],[],Almohadas,Sognare Firme,,[],[],[],[],Activa,[],,
Almohada Std Sognare Nuo,87644,Almohadas,Página 6 / Básicos,12,[],[],[],[],[],Almohadas,Sognare Nuo,,[],[],[],[],Activa,[],,
Almohada Body Comfort Washed Gris,88845,Almohadas,Página 6 / Básicos,13,[],[],[],[],[],Almohadas,Body Comfort Washed Gris,,[],[],[],[],Activa,[],,
Relleno Almohada Std Balance,35838,Almohadas,Página 6 / Básicos,14,[],[],[],[],[],Almohadas,Relleno Balance,,[],[],[],[],Activa,[],,
Almohada Viafoam Std Gel Confort,87627,Almohadas,Página 6 / Básicos,15,[],[],[],[],[],Almohadas,Viafoam Gel Confort,,[],[],['viafoam'],[],Activa,[],,
Almohada Viafoam Std Duo Soft,87854,Almohadas,Página 6 / Básicos,16,[],[],[],[],[],Almohadas,Viafoam Duo,,[],[],['viafoam'],[],Activa,[],,
Cojín Viafoam Ortoconfort Std,36295,Almohadas,Página 6 / Básicos,17,[],[],[],[],[],Almohadas,Ortoconfort,,[],[],['viafoam'],[],Activa,[],,
Cojín Viafoam Multiseat Std,86681,Almohadas,Página 6 / Básicos,18,[],[],[],[],[],Almohadas,Multiseat,,[],[],['viafoam'],[],Activa,[],,
Cojín Viafoam Std Ortomedic,36297,Almohadas,Página 6 / Básicos,19,[],[],[],[],[],Almohadas,Ortomedic,,[],[],['viafoam'],[],Activa,[],,
Almohada Viafoam Std Cool,88619,Almohadas,Página 6 / Básicos,20,[],[],[],[],[],Almohadas,Viafoam Cool,,[],[],['nuit' 'viafoam'],[],Activa,[],,
Almohada Lactancia Washed Gris,88741,Almohadas,Página 6 / Básicos,21,[],[],[],[],[],Almohadas,Lactancia Washed Gris,,[],[],[],[],Activa,[],,
Funda De Almohada Lactancia Alpes Gris,24924,Almohadas,Página 6 / Básicos,22,[],[],[],[],[],Almohadas,Lactancia Alpes Gris,,[],[],[],[],Activa,[],,
Almohada Abrazable Washed Mint,88752,Almohadas Abrazables,Página 6 / Básicos,23,[],[],[],[],[],Sublinea,Washed Mint,,[],[],[],[],Activa,[],,
Almohada Abrazable Washed Gris,88751,Almohadas Abrazables,Página 6 / Básicos,24,[],[],[],[],[],Sublinea,Washed Gris,,[],[],[],[],Activa,[],,
Almohada Abrazable Blush,88763,Almohadas Abrazables,Página 6 / Básicos,25,[],[],[],[],[],Sublinea,Blush,,[],[],[],[],Activa,[],,
Almohada Abrazable Everest Bruselas,87476,Almohadas Abrazables,Página 6 / Básicos,26,[],[],[],[],[],Sublinea,Everest Bruselas,,[],[],[],[],Activa,[],,
Almohada Abrazable Everest Barrow,87232,Almohadas Abrazables,Página 6 / Básicos,27,[],[],[],[],[],Sublinea,Everest Barrow,,[],[],[],[],Activa,[],,
Almohada Abrazable Everest Deep Rose,88224,Almohadas Abrazables,Página 6 / Básicos,28,[],[],[],[],[],Sublinea,Everest Deep Rose,,[],[],[],[],Activa,[],,
Almohada Abrazable Alpes Gris,36193,Almohadas Abrazables,Página 6 / Básicos,29,[],[],[],[],[],Sublinea,Alpes Gris,,[],[],[],[],Activa,[],,
Almohada Abrazable Alpes Negro,36292,Almohadas Abrazables,Página 6 / Básicos,30,[],[],[],[],[],Sublinea,Alpes Negro,,[],[],[],[],Activa,[],,
Funda De Almohada Abrazable Viasoft Gris,36307,Fundas De Almohada,Página 6 / Básicos,31,[],[],[],[],[],Sublinea, Viasoft Gris,,[],[],['viasoft'],[],Activa,[],,
Funda De Almohada Abrazable Viasoft Washed Rose,87813,Fundas De Almohada,Página 6 / Básicos,32,[],[],[],[],[],Sublinea, Viasoft Washed Rose,,[],[],['viasoft'],[],Activa,[],,
Protector De Colchón Mat Vialifresh,36082,Protectores De Colchón,Página 6 / Básicos,33,[],[],[],[],[],ProtectoresDeColchon,Vialifresh,,[],[],['vialifresh'],[],Activa,[],,
Protector De Colchón Mat Tencel,87743,Protectores De Colchón,Página 6 / Básicos,34,[],[],[],[],[],ProtectoresDeColchon,Tencel,,[],[],[],[],Activa,[],,
Protector De Colchón Mat Impermeable,36102,Protectores De Colchón,Página 6 / Básicos,35,[],[],[],[],[],ProtectoresDeColchon,Impermeable,,[],[],[],[],Activa,[],,
Protector De Colchón Cuna Impermeable Baby,36111,Protectores De Colchón,Página 6 / Básicos,36,[],[],[],[],[],ProtectoresDeColchon,Impermeable Baby,,[],[],[],[],Activa,[],,
Protector De Colchón Mat Básico Plus,24964,Protectores De Colchón,Página 6 / Básicos,37,[],[],[],[],[],ProtectoresDeColchon,Básico Plus,,[],[],[],[],Activa,[],,
Protector De Colchón Mat Sognare Nuo,88713,Protectores De Colchón,Página 6 / Básicos,38,[],[],[],[],[],ProtectoresDeColchon,Sognare Nuo,,[],[],[],[],Activa,[],,
Colchoneta Confort Mat,36271,Protectores De Colchón,Página 6 / Básicos,39,[],[],[],[],[],ProtectoresDeColchon,Confort,,[],[],['nuit'],[],Activa,[],,
Colchoneta Memory Foam Mat,88758,Protectores De Colchón,Página 6 / Básicos,40,[],[],[],[],[],ProtectoresDeColchon,Memory Foam,,[],[],['nuit'],[],Activa,[],,
Sábanas Cabos Mat Almond,88860,Sábanas Cabos,Página 6 / Básicos,41,[],[],[],[],[],VariantesDeColor,Almond,,[],[],[],[],Activa,[],,
Sábanas Cabos Mat Gris Neutral,24058,Sábanas Cabos,Página 6 / Básicos,42,[],[],[],[],[],VariantesDeColor,Gris Neutral,,[],['#' '#8c9384'],[],[],Activa,[],,
Sábanas Cabos Mat Menta,24051,Sábanas Cabos,Página 6 / Básicos,43,[],[],[],[],[],VariantesDeColor,Menta,,[],['#' '#a5dfcb'],[],[],Activa,[],,
Sábanas Cabos Mat Vialifresh,23649,Sábanas Cabos,Página 6 / Básicos,44,[],[],[],[],[],VariantesDeColor,Vialifresh,,[],['#' '#ffffff'],['vialifresh'],[],Activa,[],,
Par Funda De Almohada Std Cabos Blanco,36127,Fundas De Almohada,Página 6 / Básicos,45,[],[],[],[],[],VariantesDeColor,Cabos Blanco,,[],[],[],[],Activa,[],,
Par Funda De Almohada Std Cabos Gris,36137,Fundas De Almohada,Página 6 / Básicos,46,[],[],[],[],[],VariantesDeColor,Cabos Gris,,[],[],[],[],Activa,[],,
Sábanas Camiseta Mat Azul,88869,Sábanas Camiseta,Página 6 / Básicos,47,[],[],[],[],[],VariantesDeColor,Azul,,[],[],[],[],Activa,[],,
Sábanas Camiseta Mat Celeste,88772,Sábanas Camiseta,Página 6 / Básicos,48,[],[],[],[],[],VariantesDeColor,Celeste,,[],[],[],[],Activa,[],,
Sábanas Camiseta Mat Almond,88776,Sábanas Camiseta,Página 6 / Básicos,49,[],[],[],[],[],VariantesDeColor,Almond,,[],[],[],[],Activa,[],,
Sábanas Camiseta Mat Lila,88416,Sábanas Camiseta,Página 6 / Básicos,50,[],[],[],[],[],VariantesDeColor,Lila,,[],['#' '#ae8c8b'],[],[],Activa,[],,
Sábanas Camiseta Mat Gris Glacial,23737,Sábanas Camiseta,Página 6 / Básicos,51,[],[],[],[],[],VariantesDeColor,Gris Glacial,,[],['#' '#d1c7c1'],[],[],Activa,[],,
Sábanas Modal Mat Iris,88799,Sábanas Modal,Página 6 / Básicos,52,[],[],[],[],[],VariantesDeColor,Iris,,[],[],[],[],Activa,[],,
Sábanas Modal Mat Perla,24908,Sábanas Modal,Página 6 / Básicos,53,[],[],[],[],[],VariantesDeColor,Perla,,[],[],[],[],Activa,[],,
Sábanas Modal Mat Mint,87779,Sábanas Modal,Página 6 / Básicos,54,[],[],[],[],[],VariantesDeColor,Mint,,[],[],[],[],Activa,[],,
Sábanas Viasoft Mat Jade,88634,Sábanas Viasoft,Página 6 / Básicos,55,[],[],[],[],[],VariantesDeColor,Jade,,[],[],['viasoft'],[],Activa,[],,
Sábanas Viasoft Mat Almond,88494,Sábanas Viasoft,Página 6 / Básicos,56,[],[],[],[],[],VariantesDeColor,Almond,,[],['#' '#d8c9be'],['viasoft'],[],Activa,[],,
Sábanas Viasoft Mat Celeste,88555,Sábanas Viasoft,Página 6 / Básicos,57,[],[],[],[],[],VariantesDeColor,Celeste,,[],['#' '#9ab0b7'],['viasoft'],[],Activa,[],,
Sábanas Viasoft Mat Marino,24317,Sábanas Viasoft,Página 6 / Básicos,58,[],[],[],[],[],VariantesDeColor,Marino,,[],['#' '#0b0441'],['viasoft'],[],Activa,[],,
Sábanas Viasoft Mat Gris,24146,Sábanas Viasoft,Página 6 / Básicos,59,[],[],[],[],[],VariantesDeColor,Gris,,[],['#' '#afaa9e'],['viasoft'],[],Activa,[],,
Sábanas Viasoft Mat Lila,87489,Sábanas Viasoft,Página 6 / Básicos,60,[],[],[],[],[],VariantesDeColor,Lila,,[],['#' '#ae8c8b'],['viasoft'],[],Activa,[],,
Par Funda De Almohada Std Viasoft Marino,87674,Fundas De Almohada,Página 6 / Básicos,61,[],[],[],[],[],VariantesDeColor,Viasoft Marino,,[],[],['viasoft'],[],Activa,[],,
Par Funda De Almohada Std Viasoft Washed Gris,88805,Fundas De Almohada,Página 6 / Básicos,62,[],[],[],[],[],VariantesDeColor,Viasoft Washed Gris,,[],[],['viasoft'],[],Activa,[],,
Sábanas Viasoft Washed Mat Arena,88638,Sábanas Viasoft Washed,Página 6 / Básicos,63,[],[],[],[],[],VariantesDeColor,Arena,,[],[],['viasoft'],[],Activa,[],,
Sábanas Viasoft Washed Mat Blush,88642,Sábanas Viasoft Washed,Página 6 / Básicos,64,[],[],[],[],[],VariantesDeColor,Blush,,[],[],['viasoft'],[],Activa,[],,
Sábanas Viasoft Washed Mat Gris,88646,Sábanas Viasoft Washed,Página 6 / Básicos,65,[],[],[],[],[],VariantesDeColor,Gris,,[],[],['viasoft'],[],Activa,[],,
Sábanas Viasoft Washed Mat Mint,88551,Sábanas Viasoft Washed,Página 6 / Básicos,66,[],[],[],[],[],VariantesDeColor,Mint,,[],['#' '#a6bcba'],['viasoft'],[],Activa,[],,
Sábanas Viasoft Washed Mat Atlántico,88563,Sábanas Viasoft Washed,Página 6 / Básicos,67,[],[],[],[],[],VariantesDeColor,Atlántico,,[],['#' '#4b7d87'],['viasoft'],[],Activa,[],,
Sábanas Viasoft Washed Mat Coral,88559,Sábanas Viasoft Washed,Página 6 / Básicos,68,[],[],[],[],[],VariantesDeColor,Coral,,[],['#' '#e1927a'],['viasoft'],[],Activa,[],,
Sábanas Viasoft Washed Mat Greige,87493,Sábanas Viasoft Washed,Página 6 / Básicos,69,[],[],[],[],[],VariantesDeColor,Greige,,[],['#' '#c2baaf'],['viasoft'],[],Activa,[],,
Sábanas Viasoft Washed Mat Rose,87497,Sábanas Viasoft Washed,Página 6 / Básicos,70,[],[],[],[],[],VariantesDeColor,Rose,,[],['#' '#d2aca1'],['viasoft'],[],Activa,[],,
Rodapié Mat Gris Glacial,39910,Rodapiés,Página 6 / Básicos,71,[],[],[],[],[],VariantesDeColor,Gris Glacial,,[],[],[],[],Activa,[],,
Rodapié Mat Lila,88593,Rodapiés,Página 6 / Básicos,72,[],[],[],[],[],VariantesDeColor,Lila,,[],[],[],[],Activa,[],,
Rodapié Mat Kaki,87851,Rodapiés,Página 6 / Básicos,73,[],[],[],[],[],VariantesDeColor,Kaki,,[],[],[],[],Activa,[],,
Mosquitero Plegable Mat Gris,88885,Mosquitero Plegable,Página 6 / Básicos,74,[],[],[],[],[],Sublinea,Mosquitero Plegable Gris,,[],[],[],[],Activa,[],,
Cojines Pampas,87710,Cojines,Página 7 / Complementos,1,[],[],[],[],[],Sublinea,Pampas,,[],[],[],[],Activa,[],,
Cojines Trento,88802,Cojines,Página 7 / Complementos,2,[],[],[],[],[],Sublinea,Trento,,[],[],[],[],Activa,[],,
Cojín Everest Barrow,87251,Cojín,Página 7 / Complementos,3,[],[],[],[],[],Sublinea,Barrow,,[],[],[],[],Activa,[],,
Cojín Everest Bruselas,87252,Cojín,Página 7 / Complementos,4,[],[],[],[],[],Sublinea,Bruselas,,[],[],[],[],Activa,[],,
Cojín Cuadrado Everest Deep Rose,88217,Cojín,Página 7 / Complementos,5,[],[],[],[],[],Sublinea,Cuadrado Everest Deep Rose,,[],[],[],[],Activa,[],,
Cojín Everest Corazón Deep Rose,88226,Cojín,Página 7 / Complementos,6,[],[],[],[],[],Sublinea,Corazón Deep Rose,,[],[],[],[],Activa,[],,
Cojín Esfera Everest Deep Rose,88242,Cojín,Página 7 / Complementos,7,[],[],[],[],[],Sublinea,Esfera Everest Deep Rose,,[],[],[],[],Activa,[],,
Cojín Esfera Everest Nebraska,88243,Cojín,Página 7 / Complementos,8,[],[],[],[],[],Sublinea,Esfera Everest Nebraska,,[],[],[],[],Activa,[],,
Cojín Deco,87514,Cojín,Página 7 / Complementos,9,[],[],[],[],[],Sublinea,Deco,,[],[],[],[],Activa,[],,
Cojín Santorini,87663,Cojín,Página 7 / Complementos,10,[],[],[],[],[],Sublinea,Santorini,,[],[],[],[],Activa,[],,
Cojín Caspio,88501,Cojín,Página 7 / Complementos,11,[],[],[],[],[],Sublinea,Caspio,,[],[],[],[],Activa,[],,
Cojín Adana,88794,Cojín,Página 7 / Complementos,12,[],[],[],[],[],Sublinea,Adana,,[],[],[],[],Activa,[],,
Cojín Rectangular Uxmal,88784,Cojín,Página 7 / Complementos,13,[],[],[],[],[],Sublinea,Rectangular Uxmal,,[],[],[],[],Activa,[],,
Cojín Estaño,88516,Cojín,Página 7 / Complementos,14,[],[],[],[],[],Sublinea,Estaño,,[],[],[],[],Activa,[],,
Cojín Arena,88755,Cojín,Página 7 / Complementos,15,[],[],[],[],[],Sublinea,Arena,,[],[],[],[],Activa,[],,
Cojín Circular Velvet Lila,88500,Cojín,Página 7 / Complementos,16,[],[],[],[],[],Sublinea,Circular Lila,,[],[],[],[],Activa,[],,
Funda De Cojín Velvet Mostaza,36647,Fundas De Cojín Velvet,Página 7 / Complementos,17,[],[],[],[],[],VariantesDeColor,Mostaza,,[],['#' '#f5b63e'],[],[],Activa,[],,
Funda De Cojín Velvet Gris,36689,Fundas De Cojín Velvet,Página 7 / Complementos,18,[],[],[],[],[],VariantesDeColor,Gris,,[],['#' '#737373'],[],[],Activa,[],,
Funda De Cojín Velvet Azul,36688,Fundas De Cojín Velvet,Página 7 / Complementos,19,[],[],[],[],[],VariantesDeColor,Azul,,[],['#' '#374c7c'],[],[],Activa,[],,
Funda De Cojín Velvet Lila,87655,Fundas De Cojín Velvet,Página 7 / Complementos,20,[],[],[],[],[],VariantesDeColor,Lila,,[],['#' '#ae8c8c'],[],[],Activa,[],,
Funda De Cojín Velvet Mint,88542,Fundas De Cojín Velvet,Página 7 / Complementos,21,[],[],[],[],[],VariantesDeColor,Mint,,[],['#' '#a2b7b5'],[],[],Activa,[],,
Funda De Cojín Waffle Turquesa,88574,Fundas De Cojín,Página 7 / Complementos,22,[],[],[],[],[],Sublinea,Waffle Turquesa,,[],[],[],[],Activa,[],,
Funda De Cojín Waffle Incienso,88573,Fundas De Cojín,Página 7 / Complementos,23,[],[],[],[],[],Sublinea,Waffle Incienso,,[],[],[],[],Activa,[],,
Funda De Cojín Creta,86786,Fundas De Cojín,Página 7 / Complementos,25,[],[],[],[],[],Sublinea,Creta,,[],[],[],[],Activa,[],,
Funda De Cojín Corzo,88762,Fundas De Cojín,Página 7 / Complementos,26,[],[],[],[],[],Sublinea,Corzo,,[],[],[],[],Activa,[],,
Funda De Cojín Cuadrado Cataluña,88793,Fundas De Cojín,Página 7 / Complementos,27,[],[],[],[],[],Sublinea,Cuadrado Cataluña,,[],[],[],[],Activa,[],,
Funda De Cojín Mérida,87500,Fundas De Cojín,Página 7 / Complementos,28,[],[],[],[],[],Sublinea,Mérida,,[],[],[],[],Activa,[],,
Funda De Cojín Rectangular Mumbai Beige,36629,Fundas De Cojín,Página 7 / Complementos,29,[],[],[],[],[],Sublinea,Rectangular Mumbai Beige,,[],[],[],[],Activa,[],,
Funda De Cojín Rect Mumbai Verde,87800,Fundas De Cojín,Página 7 / Complementos,30,[],[],[],[],[],Sublinea,Rect Mumbai Verde,,[],[],[],[],Activa,[],,
Funda De Cojín Rectangular Mumbai Gray,88586,Fundas De Cojín,Página 7 / Complementos,31,[],[],[],[],[],Sublinea,Rectangular Mumbai Gray,,[],[],[],[],Activa,[],,
Funda De Cojín Rectangular Mumbai Sand,88588,Fundas De Cojín,Página 7 / Complementos,32,[],[],[],[],[],Sublinea,Rectangular Mumbai Sand,,[],[],[],[],Activa,[],,
Funda De Cojín Cuadrado Mumbai Macrame,88587,Fundas De Cojín,Página 7 / Complementos,33,[],[],[],[],[],Sublinea,Cuadrado Mumbai Macrame,,[],[],[],[],Activa,[],,
Relleno De Cojín Cuadrado Basic,35937,Rellenos De Cojín,Página 7 / Complementos,34,[],[],[],[],[],Sublinea,Cuadrado Basic,,[],[],[],[],Activa,[],,
Relleno De Cojín Rectangular Basic,35989,Rellenos De Cojín,Página 7 / Complementos,35,[],[],[],[],[],Sublinea,Rectangular Basic,,[],[],[],[],Activa,[],,
Relleno De Cojín Cuadrado Plus,24990,Rellenos De Cojín,Página 7 / Complementos,36,[],[],[],[],[],Sublinea,Cuadrado Plus,,[],[],[],[],Activa,[],,
Funda De Almohada Std Novo Blush,87741,Fundas De Almohada,Página 7 / Complementos,37,[],[],[],[],[],Sublinea,Novo Blush,,[],[],[],[],Activa,[],,
Funda De Almohada Std Novo Ultramar,87483,Fundas De Almohada,Página 7 / Complementos,38,[],[],[],[],[],Sublinea,Novo Ultramar,,[],[],[],[],Activa,[],,
Funda De Almohada Std Novo Creta,87481,Fundas De Almohada,Página 7 / Complementos,39,[],[],[],[],[],Sublinea,Novo Creta,,[],[],[],[],Activa,[],,
Funda De Almohada Std Velvet Gris,36254,Fundas De Almohada,Página 7 / Complementos,40,[],[],[],[],[],Sublinea,Gris,,[],[],[],[],Activa,[],,
Funda De Almohada Std Novo Arena,88716,Fundas De Almohada,Página 7 / Complementos,41,[],[],[],[],[],Sublinea,Novo Arena,,[],[],[],[],Activa,[],,
Funda De Almohada Std Novo Atlántico,88753,Fundas De Almohada,Página 7 / Complementos,42,[],[],[],[],[],Sublinea,Novo Atlántico,,[],[],[],[],Activa,[],,
Funda De Almohada Std Novo Stone,88481,Fundas De Almohada,Página 7 / Complementos,43,[],[],[],[],[],Sublinea,Novo Stone,,[],[],[],[],Activa,[],,
Funda De Almohada Std Novo Estaño,88477,Fundas De Almohada,Página 7 / Complementos,44,[],[],[],[],[],Sublinea,Novo Estaño,,[],[],[],[],Activa,[],,
Funda De Almohada Std Novo Olivo,86622,Fundas De Almohada,Página 7 / Complementos,45,[],[],[],[],[],Sublinea,Novo Olivo,,[],[],[],[],Activa,[],,
Funda De Almohada Std Novo Deep Rose,86621,Fundas De Almohada,Página 7 / Complementos,46,[],[],[],[],[],Sublinea,Novo Deep Rose,,[],[],[],[],Activa,[],,
Funda De Almohada Std Velvet Mint,88483,Fundas De Almohada,Página 7 / Complementos,47,[],[],[],[],[],Sublinea,Mint,,[],[],[],[],Activa,[],,
Funda De Almohada Europea Gris Neutral,88485,Fundas De Almohada,Página 7 / Complementos,48,[],[],[],[],[],Sublinea,Gris Neutral,,[],[],[],[],Activa,[],,
Funda De Almohada Europea Velvet Lila,87515,Fundas De Almohada,Página 7 / Complementos,49,[],[],[],[],[],Sublinea,Lila,,[],[],[],[],Activa,[],,
Funda De Almohada Europea Everest Deep Rose,88214,Fundas De Almohada,Página 7 / Complementos,50,[],[],[],[],[],Sublinea,Everest Deep Rose,,[],[],[],[],Activa,[],,
Funda De Almohada Europea Everest Palena,88215,Fundas De Almohada,Página 7 / Complementos,51,[],[],[],[],[],Sublinea,Everest Palena,,[],[],[],[],Activa,[],,
Funda De Almohada Europea Xl Everest Barrow,87247,Fundas De Almohada,Página 7 / Complementos,52,[],[],[],[],[],Sublinea,Everest Barrow,,[],[],[],[],Activa,[],,
Funda De Almohada Europea Muselina Salvia,88705,Fundas De Almohada,Página 7 / Complementos,53,[],[],[],[],[],Sublinea,Muselina Salvia,,[],[],[],[],Activa,[],,
Funda De Almohada Europea Waffle Turquesa,88571,Fundas De Almohada,Página 7 / Complementos,54,[],[],[],[],[],Sublinea,Waffle Turquesa,,[],[],[],[],Activa,[],,
Funda De Almohada Europea Waffle Incienso,88572,Fundas De Almohada,Página 7 / Complementos,55,[],[],[],[],[],Sublinea,Waffle Incienso,,[],[],[],[],Activa,[],,
Funda De Almohada Std Basic Gris,35867,Fundas De Almohada,Página 7 / Complementos,56,[],[],[],[],[],Sublinea,Basic Gris,,[],[],[],[],Activa,[],,
Funda De Almohada Std Voga Peony,88809,Fundas De Almohada,Página 7 / Complementos,57,[],[],[],[],[],Sublinea,Voga Peony,,[],[],[],[],Activa,[],,
Funda De Almohada Europea Voga Iris,88504,Fundas De Almohada,Página 7 / Complementos,58,[],[],[],[],[],Sublinea,Voga Iris,,[],[],[],[],Activa,[],,
Funda De Almohada Std Voga Perla,88503,Fundas De Almohada,Página 7 / Complementos,59,[],[],[],[],[],Sublinea,Voga Perla,,[],[],[],[],Activa,[],,
Relleno Almohada Std Balance,35838,Fundas De Almohada,Página 7 / Complementos,60,[],[],[],[],[],Sublinea,Relleno Balance,,[],[],[],[],Activa,[],,
Bolsa De Regalo Vianney 24-25,88757,Bolsa De Regalo,Página 7 / Complementos,61,[],[],[],[],[],Sublinea,Bolsa De Regalo Vianney 24-25,,[],[],[],[],Activa,[],,
Camino De Mesa Gde Mumbai Olivo,88790,Caminos De Mesa,Página 8 / Comedor y Sala,1,[],[],[],[],[],Sublinea,Mumbai Olivo,,[],[],[],[],Activa,[],,
Camino De Mesa Gde Mumbai Gris,87783,Caminos De Mesa,Página 8 / Comedor y Sala,2,[],[],[],[],[],Sublinea,Mumbai Gris,,[],[],[],[],Activa,[],,
Camino De Mesa Gde Mumbai Siena,87785,Caminos De Mesa,Página 8 / Comedor y Sala,3,[],[],[],[],[],Sublinea,Mumbai Siena,,[],[],[],[],Activa,[],,
Camino De Mesa Gde Mumbai Incienso,88592,Caminos De Mesa,Página 8 / Comedor y Sala,4,[],[],[],[],[],Sublinea,Mumbai Incienso,,[],[],[],[],Activa,[],,
Camino De Mesa Gde Corzo,88761,Caminos De Mesa,Página 8 / Comedor y Sala,5,[],[],[],[],[],Sublinea,Corzo,,[],[],[],[],Activa,[],,
Camino De Mesa Gde Valencia,88854,Caminos De Mesa,Página 8 / Comedor y Sala,6,[],[],[],[],[],Sublinea,Valencia,,[],[],[],[],Activa,[],,
Camino De Mesa Gde Ibiza,86760,Caminos De Mesa,Página 8 / Comedor y Sala,7,[],[],[],[],[],Sublinea,Ibiza,,[],[],[],[],Activa,[],,
Camino De Mesa Gde Mumbai Atlántico,88590,Caminos De Mesa,Página 8 / Comedor y Sala,8,[],[],[],[],[],Sublinea,Mumbai Atlántico,,[],[],[],[],Activa,[],,
Camino De Mesa Gde Mumbai Arena,87810,Caminos De Mesa,Página 8 / Comedor y Sala,9,[],[],[],[],[],Sublinea,Mumbai Arena,,[],[],[],[],Activa,[],,
Camino De Mesa Gde Mumbai Beige,42639,Caminos De Mesa,Página 8 / Comedor y Sala,10,[],[],[],[],[],Sublinea,Mumbai Beige,,[],[],[],[],Activa,[],,
Par Manteles Individuales Bambú,88611,Manteles Individuales,Página 8 / Comedor y Sala,11,[],[],[],[],[],Sublinea,Bambú,,[],[],[],[],Activa,[],,
Par Manteles Individuales Oval,88610,Manteles Individuales,Página 8 / Comedor y Sala,12,[],[],[],[],[],Sublinea,Oval,,[],[],[],[],Activa,[],,
Manteles Individuales Textura Acero,13276,Manteles Individuales,Página 8 / Comedor y Sala,13,[],[],[],[],[],Sublinea,Textura Acero,,[],[],[],[],Activa,[],,
Manteles Individuales Gold,48501,Manteles Individuales,Página 8 / Comedor y Sala,14,[],[],[],[],[],Sublinea,Gold,,[],[],[],[],Activa,[],,
Manteles Individuales Ajijic,87216,Manteles Individuales,Página 8 / Comedor y Sala,15,[],[],[],[],[],Sublinea,Ajijic,,[],[],[],[],Activa,[],,
Par Manteles Individuales Japandi,87485,Manteles Individuales,Página 8 / Comedor y Sala,16,[],[],[],[],[],Sublinea,Japandi,,[],[],[],[],Activa,[],,
Mantel Rectangular Creta,88855,Mantel,Página 8 / Comedor y Sala,17,[],[],[],[],[],Sublinea,Creta,,[],[],[],[],Activa,[],,
Mantel Rectangular Asturias,88858,Mantel,Página 8 / Comedor y Sala,18,[],[],[],[],[],Sublinea,Asturias,,[],[],[],[],Activa,[],,
Mantel Rectangular Cairo,12306,Mantel,Página 8 / Comedor y Sala,19,[],[],[],[],[],Sublinea,Cairo,,[],[],[],[],Activa,[],,
Mantel Rectangular Castilla,87906,Mantel,Página 8 / Comedor y Sala,20,[],[],[],[],[],Sublinea,Castilla,,[],[],[],[],Activa,[],,
Cortina D Tarento,88620,Cortinas,Página 8 / Comedor y Sala,21,[],[],[],[],[],Sublinea,Cortina D Tarento,,[],[],[],[],Activa,[],,
Cortina Trans D Mumbai Blanca,87799,Cortinas,Página 8 / Comedor y Sala,22,[],[],[],[],[],Sublinea,Cortina Trans D Mumbai Blanca,,[],[],[],[],Activa,[],,
Cortina D Ibiza,86765,Cortinas,Página 8 / Comedor y Sala,23,[],[],[],[],[],Sublinea,Cortina D Ibiza,,[],[],[],[],Activa,[],,
Mantel Rectangular Huerta,87844,Juego de Cocina,Página 8 / Comedor y Sala,24,[],['88893' 'Cortina C Huerta'],[],[],['87846' 'Jgo Cortinas B Huerta'],AmbienteConMiniambiente,Huerta,Jgo de Cocina,[],['#' 'HORIZONTAL' ''],[],[],Activa,[],,
Mantel Rectangular Flor De Durazno,88890,Juego de Cocina,Página 8 / Comedor y Sala,25,[],['88891' 'Cortinas C Flor De Durazno'],[],[],['88892' 'Jgo Cortinas B Flor De Durazno'],AmbienteConMiniambiente,Flor De Durazno,Jgo de Cocina,[],[],[],[],Activa,[],,
Mantel Rectangular Puebla,12499,Juego de Cocina,Página 8 / Comedor y Sala,26,[],['11710' 'Cortinas C Puebla'],[],[],['11709' 'Jgo Cortinas B Puebla'],AmbienteConMiniambiente,Puebla,Jgo de Cocina,[],['#' 'DOBLE' ''],[],[],Activa,[],,
Cojín Multiusos Porto Denim,88609,Cojín Multiusos Porto,Página 8 / Comedor y Sala,27,[],[],[],[],[],VariantesDeColor,Denim,,[],[],[],[],Activa,[],,
Cojín Multiusos Porto Kaki,88608,Cojín Multiusos Porto,Página 8 / Comedor y Sala,28,[],[],[],[],[],VariantesDeColor,Kaki,,[],[],[],[],Activa,[],,
Cojín Multiusos Porto Gris Glaciar,88607,Cojín Multiusos Porto,Página 8 / Comedor y Sala,29,[],[],[],[],[],VariantesDeColor,Gris Glaciar,,[],[],[],[],Activa,[],,
Protector Silla Veli Dammar,75140,Protectores de Silla,Página 8 / Comedor y Sala,30,[],[],[],[],[],AmbienteConMiniambiente,Veli Dammar,Protector Silla,[],[],[],[],Activa,[],,
Protector Silla Veli Marino,75143,Protectores de Silla,Página 8 / Comedor y Sala,31,[],[],[],[],[],AmbienteConMiniambiente,Veli Marino,Protector Silla,[],[],[],[],Activa,[],,
Protector Silla Niza Kaki,88534,Protectores de Silla,Página 8 / Comedor y Sala,32,[],[],[],[],[],AmbienteConMiniambiente,Niza Kaki,Protector Silla,[],[],[],[],Activa,[],,
Protector Silla Niza Café,87625,Protectores de Silla,Página 8 / Comedor y Sala,33,[],[],[],[],[],AmbienteConMiniambiente,Niza Café,Protector Silla,[],[],[],[],Activa,[],,
Mandil Creta,88895,Mandiles,Página 8 / Comedor y Sala,34,[],[],[],[],[],Sublinea,Creta,,[],[],[],[],Activa,[],,
Mandil Estaño,88894,Mandiles,Página 8 / Comedor y Sala,35,[],[],[],[],[],Sublinea,Estaño,,[],[],[],[],Activa,[],,
Mandil Premium,77560,Mandiles,Página 8 / Comedor y Sala,36,[],[],[],[],[],Sublinea,Premium,,[],[],[],[],Activa,[],,
Mandil Ibiza,86764,Mandiles,Página 8 / Comedor y Sala,37,[],[],[],[],[],Sublinea,Ibiza,,[],[],[],[],Activa,[],,
Funda De Sillón Niza Sofá Greige,87634,Funda De Sillón Niza,Página 8 / Comedor y Sala,38,[],[],[],[],[],AmbienteConMiniambiente,Greige,Funda de Sillón,[],['#' '' 'VARIANTES'],[],[],Activa,[],,
Funda De Sillón Niza Sofá Verde,88523,Funda De Sillón Niza,Página 8 / Comedor y Sala,39,[],[],[],[],[],AmbienteConMiniambiente,Verde,Funda de Sillón,[],['#' '' 'VARIANTES'],[],[],Activa,[],,
Funda De Sillón Niza Sofá Gris,86677,Funda De Sillón Niza,Página 8 / Comedor y Sala,40,[],[],[],[],[],AmbienteConMiniambiente,Gris,Funda de Sillón,[],['#' '' 'VARIANTES'],[],[],Activa,[],,
Funda De Sillón Niza Sofá Mango,88526,Funda De Sillón Niza,Página 8 / Comedor y Sala,41,[],[],[],[],[],AmbienteConMiniambiente,Mango,Funda de Sillón,[],['#' '' 'VARIANTES'],[],[],Activa,[],,
Funda De Sillón Niza Sofá Marino,87640,Funda De Sillón Niza,Página 8 / Comedor y Sala,42,[],[],[],[],[],AmbienteConMiniambiente,Marino,Funda de Sillón,[],['#' '' 'VARIANTES'],[],[],Activa,[],,
Funda De Sillón Niza Sofá Kaki,88529,Funda De Sillón Niza,Página 8 / Comedor y Sala,43,[],[],[],[],[],AmbienteConMiniambiente,Kaki,Funda de Sillón,[],['#' '' 'VARIANTES'],[],[],Activa,[],,
Funda De Sillón Niza Sofá Café,81009,Funda De Sillón Niza,Página 8 / Comedor y Sala,44,[],[],[],[],[],AmbienteConMiniambiente,Café,Funda de Sillón,[],['#' '' 'VARIANTES'],[],[],Activa,[],,
Fundas De Silla Niza Gris,86672,Fundas De Silla Niza,Página 8 / Comedor y Sala,45,[],[],[],[],[],VariantesDeColor,Niza Gris,,[],[],[],[],Activa,[],,
Fundas De Silla Niza Kaki,86673,Fundas De Silla Niza,Página 8 / Comedor y Sala,46,[],[],[],[],[],VariantesDeColor,Niza Kaki,,[],[],[],[],Activa,[],,
Fundas De Silla Niza Greige,88532,Fundas De Silla Niza,Página 8 / Comedor y Sala,47,[],[],[],[],[],VariantesDeColor,Niza Greige,,[],[],[],[],Activa,[],,
Fundas De Silla Niza Verde,88533,Fundas De Silla Niza,Página 8 / Comedor y Sala,48,[],[],[],[],[],VariantesDeColor,Niza Verde,,[],[],[],[],Activa,[],,
Fundas De Silla Niza Café,87641,Fundas De Silla Niza,Página 8 / Comedor y Sala,49,[],[],[],[],[],VariantesDeColor,Niza Café,,[],[],[],[],Activa,[],,
Protector De Sala Sofá Dammar,81367,Protectores De Sala,Página 8 / Comedor y Sala,50,[],[],[],[],[],AmbienteConMiniambiente, Dammar,Protector de Sala,[],['#' '' 'VARIANTES'],[],[],Activa,[],,
Protector De Sala Sofá Gris Neutral,88583,Protectores De Sala,Página 8 / Comedor y Sala,51,[],[],[],[],[],AmbienteConMiniambiente, Gris Neutral,Protector de Sala,[],['#' '' 'VARIANTES'],[],[],Activa,[],,
Protector De Sala Sofá Beige,88580,Protectores De Sala,Página 8 / Comedor y Sala,52,[],[],[],[],[],AmbienteConMiniambiente, Beige,Protector de Sala,[],['#' '' 'VARIANTES'],[],[],Activa,[],,
Protector De Sala Sofá Café,87840,Protectores De Sala,Página 8 / Comedor y Sala,53,[],[],[],[],[],AmbienteConMiniambiente, Café,Protector de Sala,[],['#' '' 'VARIANTES'],[],[],Activa,[],,
Adorno De Pared Cruz,71427,Decoración,Página 9 / Decoración,1,[],[],[],[],[],Sublinea,Adorno De Pared Cruz,,[],[],[],[],Activa,[],,
Figura Decorativa Sagrada Familia,42564,Decoración,Página 9 / Decoración,2,[],[],[],[],[],Sublinea,Figura Decorativa Sagrada Familia,,[],[],[],[],Activa,[],,
Jgo De Velas Led,77562,Decoración,Página 9 / Decoración,3,[],[],[],[],[],Sublinea,Jgo De Velas Led,,[],[],[],[],Activa,[],,
Cuadro Virgen,71428,Cuadros,Página 9 / Decoración,4,[],[],[],[],[],Sublinea,Cuadro Virgen,,[],[],[],[],Activa,[],,
Cuadro Virgen De Guadalupe,87310,Cuadros,Página 9 / Decoración,5,[],[],[],[],[],Sublinea,Cuadro Virgen De Guadalupe,,[],[],[],[],Activa,[],,
Cuadro Angelito,87577,Cuadros,Página 9 / Decoración,6,[],[],[],[],[],Sublinea,Cuadro Angelito,,[],[],[],[],Activa,[],,
Jgo Espejos Auria,51001,Espejos,Página 9 / Decoración,7,[],[],[],[],[],Sublinea,Auria,,[],[],[],[],Activa,[],,
Jgo Espejos Gota,42624,Espejos,Página 9 / Decoración,8,[],[],[],[],[],Sublinea,Gota,,[],[],[],[],Activa,[],,
Jgo Espejos Asturias,86920,Espejos,Página 9 / Decoración,9,[],[],[],[],[],Sublinea,Asturias,,[],[],[],[],Activa,[],,
Jgo Espejos Deco,88181,Espejos,Página 9 / Decoración,10,[],[],[],[],[],Sublinea,Deco,,[],[],[],[],Activa,[],,
Portarretratos Love,51009,Portarretratos,Página 9 / Decoración,11,[],[],[],[],[],Sublinea,Love,,[],[],[],[],Activa,[],,
Portarretratos Luro,51130,Portarretratos,Página 9 / Decoración,12,[],[],[],[],[],Sublinea,Luro,,[],[],[],[],Activa,[],,
Portarretratos Home,88197,Portarretratos,Página 9 / Decoración,13,[],[],[],[],[],Sublinea,Home,,[],[],[],[],Activa,[],,
Perchero Tula,87241,Repisas,Página 9 / Decoración,14,[],[],[],[],[],Sublinea,Perchero Tula,,[],[],[],[],Activa,[],,
Repisa Calkini,51117,Repisas,Página 9 / Decoración,15,[],[],[],[],[],Sublinea,Calkini,,[],[],[],[],Activa,[],,
Repisa Cosala,51201,Repisas,Página 9 / Decoración,16,[],[],[],[],[],Sublinea,Cosala,,[],[],[],[],Activa,[],,
Repisa Parra,55176,Repisas,Página 9 / Decoración,17,[],[],[],[],[],Sublinea,Parra,,[],[],[],[],Activa,[],,
Repisa Comitán,42627,Repisas,Página 9 / Decoración,18,[],[],[],[],[],Sublinea,Comitán,,[],[],[],[],Activa,[],,
Jgo Repisas Taxco,54823,Repisas,Página 9 / Decoración,19,[],[],[],[],[],Sublinea,Jgo Repisas Taxco,,[],[],[],[],Activa,[],,
Jgo Repisas Tonalá,88176,Repisas,Página 9 / Decoración,20,[],[],[],[],[],Sublinea,Jgo Repisas Tonalá,,[],[],[],[],Activa,[],,
Repisa Mina Natural,51213,Repisas,Página 9 / Decoración,21,[],[],[],[],[],Sublinea,Mina Natural,,[],[],[],[],Activa,[],,
Repisa Ixtlán,88175,Repisas,Página 9 / Decoración,22,[],[],[],[],[],Sublinea,Ixtlán,,[],[],[],[],Activa,[],,
Tapete Decorativo Mumbai Hojas,88584,Tapetes Decorativos,Página 9 / Decoración,23,[],[],[],[],[],VariantesDeColor,Mumbai Hojas,,[],[],[],[],Activa,[],,
Tapete Decorativo Mumbai Azul,87758,Tapetes Decorativos,Página 9 / Decoración,24,[],[],[],[],[],VariantesDeColor,Mumbai Azul,,[],[],[],[],Activa,[],,
Tapete Decorativo Everest Aria,88715,Tapetes Decorativos,Página 9 / Decoración,25,[],[],[],[],[],VariantesDeColor,Everest Aria,,[],[],[],[],Activa,[],,
Tapete Decorativo Everest Deep Rose,88236,Tapetes Decorativos,Página 9 / Decoración,26,[],[],[],[],[],VariantesDeColor,Everest Deep Rose,,[],[],[],[],Activa,[],,
Tapete Decorativo Everest Barrow,87229,Tapetes Decorativos,Página 9 / Decoración,27,[],[],[],[],[],VariantesDeColor,Everest Barrow,,[],[],[],[],Activa,[],,
Bolsa De Regalo Vianney 24-25,88757,Bolsa De Regalo,Página 9 / Decoración,28,[],[],[],[],[],Sublinea,Bolsa De Regalo Vianney 24-25,,[],[],[],[],Activa,[],,
Cortinas Blackout Larga Catania Kaki,88629,Cortinas Blackout,Página 10 / Cortinas,1,[],[],[],[],[],VariantesDeColor,Catania Kaki,,[],[],[],[],Activa,[],,
Cortinas Blackout Larga Catania Blush,88631,Cortinas Blackout,Página 10 / Cortinas,2,[],[],[],[],[],VariantesDeColor,Catania Blush,,[],[],[],[],Activa,[],,
Cortinas Blackout Larga Catania Celeste,88414,Cortinas Blackout,Página 10 / Cortinas,3,[],[],[],[],[],VariantesDeColor,Catania Celeste,,[],['#' '#98aeb5'],[],[],Activa,[],,
Cortinas Blackout Larga Catania Marino,63946,Cortinas Blackout,Página 10 / Cortinas,4,[],[],[],[],[],VariantesDeColor,Catania Marino,,[],['#' '#0b0441'],[],[],Activa,[],,
Cortinas Blackout Larga Catania Beige,63930,Cortinas Blackout,Página 10 / Cortinas,5,[],[],[],[],[],VariantesDeColor,Catania Beige,,[],['#' '#f4e6ab'],[],[],Activa,[],,
Cortinas Blackout Larga Catania Gris,63961,Cortinas Blackout,Página 10 / Cortinas,6,[],[],[],[],[],VariantesDeColor,Catania Gris,,[],['#' '#6d6869'],[],[],Activa,[],,
Cortinas Blackout Larga Catania Deep Rose,87546,Cortinas Blackout,Página 10 / Cortinas,7,[],[],[],[],[],VariantesDeColor,Catania Deep Rose,,[],['#' '#cc8c88'],[],[],Activa,[],,
Cortinas Blackout Larga Catania Lila,87548,Cortinas Blackout,Página 10 / Cortinas,8,[],[],[],[],[],VariantesDeColor,Catania Lila,,[],['#' '#ae8c8b'],[],[],Activa,[],,
Cortinas Ravenna Larga Marfil,63932,Cortinas Ravenna,Página 10 / Cortinas,9,[],[],[],[],[],VariantesDeColor,Marfil,,[],[],[],[],Activa,[],,
Cortinas Ravenna Larga Kaki,87835,Cortinas Ravenna,Página 10 / Cortinas,10,[],[],[],[],[],VariantesDeColor,Kaki,,[],[],[],[],Activa,[],,
Cortinas Ravenna Larga Gris Glaciar,87836,Cortinas Ravenna,Página 10 / Cortinas,11,[],[],[],[],[],VariantesDeColor,Gris Glaciar,,[],[],[],[],Activa,[],,
"Cortinas Duo 1,30X1,50 Gris",64136,Cortinas Duo,Página 10 / Cortinas,12,[],[],[],[],[],Sublinea,"Cortinas Duo 1,30X1,50 Gris",,[],[],[],[],Activa,[],,
Cortinas Viasoft Larga Gris,63988,Cortinas Viasoft,Página 10 / Cortinas,13,[],[],[],[],[],VariantesDeColor,Gris,,[],['#' '#8c9384'],['viasoft'],[],Activa,[],,
Cortinas Viasoft Larga Marino,63987,Cortinas Viasoft,Página 10 / Cortinas,14,[],[],[],[],[],VariantesDeColor,Marino,,[],['#' '#0b0441'],['viasoft'],[],Activa,[],,
Cortinas Viasoft Larga Lila,88488,Cortinas Viasoft,Página 10 / Cortinas,15,[],[],[],[],[],VariantesDeColor,Lila,,[],['#' '#ae8c8b'],['viasoft'],[],Activa,[],,
Cortinas Viasoft Larga Almond,88486,Cortinas Viasoft,Página 10 / Cortinas,16,[],[],[],[],[],VariantesDeColor,Almond,,[],['#' '#d8c9be'],['viasoft'],[],Activa,[],,
Cortinas Viasoft Larga Rosa Matura,64045,Cortinas Viasoft,Página 10 / Cortinas,17,[],[],[],[],[],VariantesDeColor,Rosa Matura,,[],['#' '#ecc2b3'],['viasoft'],[],Activa,[],,
Cortinas Viasoft Corta Terracota,88649,Cortinas Viasoft,Página 10 / Cortinas,18,[],[],[],[],[],VariantesDeColor,Terracota,,[],[],['viasoft'],[],Activa,[],,
Cortinas Viasoft Larga Blush,88457,Cortinas Viasoft,Página 10 / Cortinas,19,[],[],[],[],[],VariantesDeColor,Blush,,[],['#' '#975f66'],['viasoft'],[],Activa,[],,
Cortinas Viasoft Larga Glaciar,87473,Cortinas Viasoft,Página 10 / Cortinas,20,[],[],[],[],[],VariantesDeColor,Glaciar,,[],['#' '#d1c7c1'],['viasoft'],[],Activa,[],,
Cortinas Viasoft Washed Larga Kaki,88627,Cortinas Viasoft Washed,Página 10 / Cortinas,21,[],[],[],[],[],VariantesDeColor,Washed Kaki,,[],[],['viasoft'],[],Activa,[],,
Cortinas Viasoft Washed Larga Mint,88549,Cortinas Viasoft Washed,Página 10 / Cortinas,22,[],[],[],[],[],VariantesDeColor,Washed Mint,,[],['#' '#a6bcba'],['viasoft'],[],Activa,[],,
Cortinas Translúcidas Larga Tergal Beige,87863,Cortinas Translúcidas,Página 10 / Cortinas,23,[],[],[],[],[],VariantesDeColor,Tergal Beige,,[],[],[],[],Activa,[],,
Cortinas Translúcidas Larga Tergal Blanco,87865,Cortinas Translúcidas,Página 10 / Cortinas,24,[],[],[],[],[],VariantesDeColor,Tergal Blanco,,[],[],[],[],Activa,[],,
Cortinas Translúcidas Larga Tarento,88530,Cortinas Translúcidas,Página 10 / Cortinas,25,[],[],[],[],[],VariantesDeColor,Tarento,,[],[],[],[],Activa,[],,
Cortinas Translúcidas Larga Verona,87868,Cortinas Translúcidas,Página 10 / Cortinas,26,[],[],[],[],[],VariantesDeColor,Verona,,[],[],[],[],Activa,[],,
Cortinas Translúcidas Larga Florencia,87448,Cortinas Translúcidas,Página 10 / Cortinas,27,[],[],[],[],[],VariantesDeColor,Florencia,,[],[],[],[],Activa,[],,
Sujetadores De Cortina Gris,87624,Sujetadores De Cortina,Página 10 / Cortinas,28,[],[],[],[],[],Sublinea,Sujetadores De Cortina Gris,,[],[],[],[],Activa,[],,
Terminales Congo,65172,Terminales,Página 10 / Cortinas,29,[],[],[],[],[],Sublinea,Terminales Congo,,[],[],[],[],Activa,[],,
Terminales Nilo,65169,Terminales,Página 10 / Cortinas,30,[],[],[],[],[],Sublinea,Terminales Nilo,,[],[],[],[],Activa,[],,
Terminales Cartago,65010,Terminales,Página 10 / Cortinas,31,[],[],[],[],[],Sublinea,Terminales Cartago,,[],[],[],[],Activa,[],,
Toalla Caribe Baño Marino,44199,Toallas Caribe,Página 11 / Baño,1,[],[],[],[],[],VariantesDeColor,Marino,,[],['#' '#0d334f'],[],[],Activa,[],,
Toalla Caribe Baño Turquesa,44203,Toallas Caribe,Página 11 / Baño,2,[],[],[],[],[],VariantesDeColor,Turquesa,,[],['#' '#076c7c'],[],[],Activa,[],,
Toalla Caribe Baño Deep Rose,87432,Toallas Caribe,Página 11 / Baño,3,[],[],[],[],[],VariantesDeColor,Deep Rose,,[],['#' '#d89d9b'],[],[],Activa,[],,
Toalla Caribe Baño Lila,86716,Toallas Caribe,Página 11 / Baño,4,[],[],[],[],[],VariantesDeColor,Lila,,[],['#' '#b6aec9'],[],[],Activa,[],,
Toalla Caribe Baño Bugambilia,44204,Toallas Caribe,Página 11 / Baño,5,[],[],[],[],[],VariantesDeColor,Bugambilia,,[],['#' '#6c1d4c'],[],[],Activa,[],,
Toalla Caribe Baño Aqua,88450,Toallas Caribe,Página 11 / Baño,6,[],[],[],[],[],VariantesDeColor,Aqua,,[],['#' '#99b9c1'],[],[],Activa,[],,
Toalla Caribe Baño Olivo,88769,Toallas Caribe,Página 11 / Baño,7,[],[],[],[],[],VariantesDeColor,Olivo,,[],[],[],[],Activa,[],,
Toalla Caribe Baño Gris,88770,Toallas Caribe,Página 11 / Baño,8,[],[],[],[],[],VariantesDeColor,Gris,,[],[],[],[],Activa,[],,
Toalla Balandra 1/2 Baño Azul,88531,Toallas Balandra,Página 11 / Baño,9,[],[],[],[],[],VariantesDeColor,Azul,,[],[],[],[],Activa,[],,
Toalla Balandra 1/2 Baño Rosa,48528,Toallas Balandra,Página 11 / Baño,10,[],[],[],[],[],VariantesDeColor,Rosa,,[],[],[],[],Activa,[],,
Toalla Balandra 1/2 Baño Hojas,87643,Toallas Balandra,Página 11 / Baño,11,[],[],[],[],[],VariantesDeColor,Hojas,,[],[],[],[],Activa,[],,
Toalla Modal Baño Ocre,88412,Toallas Modal,Página 11 / Baño,12,[],[],[],[],[],VariantesDeColor,Ocre,,[],[],[],[],Activa,[],,
Toalla Modal Baño Blush,88413,Toallas Modal,Página 11 / Baño,13,[],[],[],[],[],VariantesDeColor,Blush,,[],[],[],[],Activa,[],,
Toalla Modal Baño Azul,42536,Toallas Modal,Página 11 / Baño,14,[],[],[],[],[],VariantesDeColor,Azul,,[],[],[],[],Activa,[],,
Toalla Modal Baño Lila,42486,Toallas Modal,Página 11 / Baño,15,[],[],[],[],[],VariantesDeColor,Lila,,[],[],[],[],Activa,[],,
Toalla Modal Baño Deep Blue,42572,Toallas Modal,Página 11 / Baño,16,[],[],[],[],[],VariantesDeColor,Deep Blue,,[],[],[],[],Activa,[],,
Toalla Modal Baño Verde,42832,Toallas Modal,Página 11 / Baño,17,[],[],[],[],[],VariantesDeColor,Verde,,[],[],[],[],Activa,[],,
Jgo Toallas Voga Lyon Pullman,88783,Toallas Voga,Página 11 / Baño,18,[],[],[],[],[],VariantesDeColor,Jgo Toallas Voga Lyon,,[],[],[],[],Activa,[],,
Jgo Toallas Voga Arlés Pullman,42576,Toallas Voga,Página 11 / Baño,19,[],[],[],[],[],VariantesDeColor,Jgo Toallas Voga Arlés,,[],[],[],[],Activa,[],,
Jgo Toallas Voga Marsella Pullman,86722,Toallas Voga,Página 11 / Baño,20,[],[],[],[],[],VariantesDeColor,Jgo Toallas Voga Marsella,,[],[],[],[],Activa,[],,
Toalla Tulum 1/2 Baño Verde,88767,Toallas Tulum,Página 11 / Baño,21,[],[],[],[],[],VariantesDeColor,Verde,,[],[],[],[],Activa,[],,
Toalla Tulum 1/2 Baño Aqua,88768,Toallas Tulum,Página 11 / Baño,22,[],[],[],[],[],VariantesDeColor,Aqua,,[],[],[],[],Activa,[],,
Toalla Tulum 1/2 Baño Bugambilia,43842,Toallas Tulum,Página 11 / Baño,23,[],[],[],[],[],VariantesDeColor,Bugambilia,,[],['#' '#983f82'],[],[],Activa,[],,
Toalla Tulum Baño Marino,88766,Toallas Tulum,Página 11 / Baño,24,[],[],[],[],[],VariantesDeColor,Marino,,[],['#' '#2a497e'],[],[],Activa,[],,
Toalla Tulum 1/2 Baño Deep Rose,87437,Toallas Tulum,Página 11 / Baño,25,[],[],[],[],[],VariantesDeColor,Deep Rose,,[],['#' '#b37d6d'],[],[],Activa,[],,
Toalla Tulum 1/2 Baño Capri,88664,Toallas Tulum,Página 11 / Baño,26,[],[],[],[],[],VariantesDeColor,Capri,,[],[],[],[],Activa,[],,
Toalla Tulum Baño Rosé,88765,Toallas Tulum,Página 11 / Baño,27,[],[],[],[],[],VariantesDeColor,Rosé,,[],['#' '#dfc6c4'],[],[],Activa,[],,
Toalla Mawi Baño Franjas,42466,Toallas Mawi,Página 11 / Baño,28,[],[],[],[],[],VariantesDeColor,Franjas,,[],['#' '#5f757c'],[],[],Activa,[],,
Toalla Mawi Baño Gris,42567,Toallas Mawi,Página 11 / Baño,29,[],[],[],[],[],VariantesDeColor,Gris,,[],['#' '#968e8e'],[],[],Activa,[],,
Toalla Mawi Baño Deep Blue,42604,Toallas Mawi,Página 11 / Baño,30,[],[],[],[],[],VariantesDeColor,Deep Blue,,[],['#' '#234a5b'],[],[],Activa,[],,
Toalla Mawi Baño Malva,87434,Toallas Mawi,Página 11 / Baño,31,[],[],[],[],[],VariantesDeColor,Malva,,[],['#' '#bc9faa'],[],[],Activa,[],,
Toalla Mawi Baño Kentia,87815,Toallas Mawi,Página 11 / Baño,32,[],[],[],[],[],VariantesDeColor,Kentia,,[],[],[],[],Activa,[],,
Toalla Microsport Gym Lila,88566,Toallas Microsport,Página 11 / Baño,33,[],[],[],[],[],Sublinea,Gym Lila,,[],[],[],[],Activa,[],,
Toalla Microsport Gym Negro,42459,Toallas Microsport,Página 11 / Baño,34,[],[],[],[],[],Sublinea,Gym Negro,,[],[],[],[],Activa,[],,
Toalla Bordada Pullman Creta,87858,Toallas Pullman,Página 11 / Baño,35,[],[],[],[],[],Sublinea,Toalla Bordada Creta,,[],[],[],[],Activa,[],,
Jgo Toallas Voga Lyon Pullman,88783,Toallas Pullman,Página 11 / Baño,36,[],[],[],[],[],Sublinea,Jgo Toallas Voga Lyon,,[],[],[],[],Activa,[],,
Jgo Toallas Voga Arlés Pullman,42576,Toallas Pullman,Página 11 / Baño,37,[],[],[],[],[],Sublinea,Jgo Toallas Voga Arlés,,[],[],[],[],Activa,[],,
Jgo Toallas Voga Marsella Pullman,86722,Toallas Pullman,Página 11 / Baño,38,[],[],[],[],[],Sublinea,Jgo Toallas Voga Marsella,,[],[],[],[],Activa,[],,
Bata De Baño Uni Tulum Gris,88408,Batas De Baño,Página 11 / Baño,39,[],[],[],[],[],VariantesDeColor,Tulum Gris,,[],[],[],[],Activa,[],,
Bata De Baño Uni Tulum Marino,88394,Batas De Baño,Página 11 / Baño,40,[],[],[],[],[],VariantesDeColor,Tulum Marino,,[],[],[],[],Activa,[],,
Bata De Baño Uni Tulum Deep Rose,88395,Batas De Baño,Página 11 / Baño,41,[],[],[],[],[],VariantesDeColor,Tulum Deep Rose,,[],[],[],[],Activa,[],,
Bata De Baño Uni Soft Gris,88407,Batas De Baño,Página 11 / Baño,42,[],[],[],[],[],VariantesDeColor,Gris,,[],[],[],[],Activa,[],,
Bata De Baño Uni Soft Marino,52043,Batas De Baño,Página 11 / Baño,43,[],[],[],[],[],VariantesDeColor,Marino,,[],[],[],[],Activa,[],,
Bata De Baño Uni Soft Rosa Matura,77493,Batas De Baño,Página 11 / Baño,44,[],[],[],[],[],VariantesDeColor,Rosa Matura,,[],[],[],[],Activa,[],,
Salida De Baño Uni Tulum Rosé,88405,Salidas De Baño,Página 11 / Baño,45,[],[],[],[],[],Sublinea,Tulum Rosé,,[],[],[],[],Activa,[],,
Salida De Baño Uni Tulum Deep Rose,88397,Salidas De Baño,Página 11 / Baño,46,[],[],[],[],[],Sublinea,Tulum Deep Rose,,[],[],[],[],Activa,[],,
Toalla Para Cabeza Tulum Rosé,88406,Toallas Para Cabeza,Página 11 / Baño,47,[],[],[],[],[],Sublinea,Rosé,,[],[],[],[],Activa,[],,
Toalla Para Cabeza Tulum Deep Rose,88396,Toallas Para Cabeza,Página 11 / Baño,48,[],[],[],[],[],Sublinea,Deep Rose,,[],[],[],[],Activa,[],,
Toalla Para Cabeza Tulum Candy,88403,Toallas Para Cabeza,Página 11 / Baño,49,[],[],[],[],[],Sublinea,Candy,,[],[],[],[],Activa,[],,
Cortina De Baño Aqua,88410,Cortinas De Baño,Página 11 / Baño,50,[],[],[],[],[],Sublinea,Cortina De Aqua,,[],[],[],[],Activa,[],,
Cortina De Baño Zamia,86546,Cortinas De Baño,Página 11 / Baño,51,[],[],[],[],[],Sublinea,Cortina De Zamia,,[],[],[],[],Activa,[],,
Cortina De Baño Hojarasca,87418,Cortinas De Baño,Página 11 / Baño,52,[],[],[],[],[],Sublinea,Cortina De Hojarasca,,[],[],[],[],Activa,[],,
"Tubo Blanco 1,05A1,83",65182,Accesorio De Baño,Página 11 / Baño,53,[],[],[],[],[],Sublinea,Tubo Blanco,,[],[],[],[],Activa,[],,
"Tubo 1,00A1,80 Sencillo Congo",65174,Tubos,Página 11 / Baño,54,[],[],[],[],[],Sublinea,Tubo Sencillo Congo,,[],[],[],[],Activa,[],,
"Tubo 1,00A1,80 Doble Congo",65176,Tubos,Página 11 / Baño,55,[],[],[],[],[],Sublinea,Tubo Doble Congo,,[],[],[],[],Activa,[],,
"Tubo 1,00A1,80 Sencillo Olimpia",65151,Tubos,Página 11 / Baño,56,[],[],[],[],[],Sublinea,Tubo Sencillo Olimpia,,[],[],[],[],Activa,[],,
"Tubo 1,00A1,80 Doble Olimpia",65153,Tubos,Página 11 / Baño,57,[],[],[],[],[],Sublinea,Tubo Doble Olimpia,,[],[],[],[],Activa,[],,
Tapete De Baño Soft Aqua,88409,Tapetes De Baño,Página 11 / Baño,58,[],[],[],[],[],VariantesDeColor,Aqua,,[],[],[],[],Activa,[],,
Tapete De Baño Soft Gris Glacial,87622,Tapetes De Baño,Página 11 / Baño,59,[],[],[],[],[],VariantesDeColor,Gris Glacial,,[],[],[],[],Activa,[],,
Tapete De Baño Soft Incienso,87623,Tapetes De Baño,Página 11 / Baño,60,[],[],[],[],[],VariantesDeColor,Incienso,,[],[],[],[],Activa,[],,
Vianney Home Velas 250 Gr Berry Mandarin,86728,Vianney Home Velas,Página 12 / Vialité,1,[],[],[],[],[],Sublinea,Berry Mandarin,,[],[],[],[],Activa,[],,
Vianney Home Velas 250 Gr Manzana-Canela,87886,Vianney Home Velas,Página 12 / Vialité,2,[],[],[],[],[],Sublinea,Manzana-Canela,,[],[],[],[],Activa,[],,
Vianney Home Velas 250 Gr Tropical,88654,Vianney Home Velas,Página 12 / Vialité,3,[],[],[],[],[],Sublinea,Tropical,,[],[],[],[],Activa,[],,
Difusor 60 Ml Manzana-Canela,57036,Difusores,Página 12 / Vialité,4,[],[],[],[],[],Sublinea,Manzana-Canela,,[],[],[],[],Activa,[],,
Difusor 60 Ml Frutos Rojos,77509,Difusores,Página 12 / Vialité,5,[],[],[],[],[],Sublinea,Frutos Rojos,,[],[],[],[],Activa,[],,
Difusor 60 Ml Lavanda,86682,Difusores,Página 12 / Vialité,6,[],[],[],[],[],Sublinea,Lavanda,,[],[],[],[],Activa,[],,
Difusor 60 Ml Berry Mandarin,87887,Difusores,Página 12 / Vialité,7,[],[],[],[],[],Sublinea,Berry Mandarin,,[],[],[],[],Activa,[],,
Difusor 60 Ml Floral Candy,88653,Difusores,Página 12 / Vialité,8,[],[],[],[],[],Sublinea,Floral Candy,,[],[],[],[],Activa,[],,
Protect 125 Ml Serenity,86852,Protect,Página 12 / Vialité,9,[],[],[],[],[],Sublinea,Serenity,,[],[],[],[],Activa,[],,
Protect 125 Ml Eucalité,86853,Protect,Página 12 / Vialité,10,[],[],[],[],[],Sublinea,Eucalité,,[],[],[],[],Activa,[],,
Repelente De Mosquitos 125 Ml,86855,Protect,Página 12 / Vialité,11,[],[],[],[],[],Sublinea,Repelente De Mosquitos ,,[],[],[],[],Activa,[],,
Protect 125 Ml Vialifresh,86854,Protect,Página 12 / Vialité,12,[],[],[],[],[],Sublinea,Vialifresh,,[],[],['vialifresh'],[],Activa,[],,
Bolsa De Regalo Vianney 24-25,88757,Bolsa De Regalo,Página 12 / Vialité,13,[],[],[],[],[],Sublinea,Bolsa De Regalo Vianney 24-25,,[],[],[],[],Activa,[],,
